Kasa = true
Dodatek = true
DodatekModel = 19064
offsetXyz = 0.084997|0.064998|0.004497
rotXyz = 0.000000|100.000000|100.000000
scaleXyz = 1.399999|1.399999|1.399999
