Kasa = false
Dodatek = true
DodatekModel = 19064
offsetXyz = 0.119999|0.015999|-0.003499
rotXyz = 0.000000|100.000000|100.000000
scaleXyz = 1.399999|1.399999|1.399999
