Posiadacz=John_Mrucznik
ID=5
Numer_Wozu=5
UID_Pojazdu=469
Model=484
Pozycja_X=852.257873
Pozycja_Y=-2153.307617
Pozycja_Z=-0.183400
Rotacja=91.540702
Zniszczenie=1000.000000
Opony=0
Kolor_1=0
Kolor_2=0
Nitro=0
Hydraulika=0
Felgi=0
Malunek=3
Spojler=0
Zderzak_1=0
Zderzak_2=0
Rejestracja=0
Kolor_Rejestracji=3
Rejestracja_Tekst=0
Tryb_Wyswietlania=0
DaneKluczyki=nic
MoznaDacKluczyki=0
Neon=0
Neon1_X=-0.800000
Neon1_Y=0.000000
Neon1_Z=-0.699999
Neon2_X=0.800000
Neon2_Y=0.000000
Neon2_Z=-0.699999
