Posiadacz = Gaius_Baltar
ID = 13
Numer_Wozu = 2
UID_Pojazdu = 497
Model = 560
Pozycja_X = 2160.65869140
Pozycja_Y = -1153.16333007
Pozycja_Z = 23.47130012
Rotacja = 90.50420379
Zniszczenie = 1000.00000000
Opony = 0
Kolor_1 = 1
Kolor_2 = 1
Nitro = 0
Hydraulika = 0
Felgi = 0
Malunek = 3
Spojler = 0
Zderzak_1 = 0
Zderzak_2 = 0
Rejestracja = 0
Kolor_Rejestracji = 000000
Tryb_Wyswietlania = 0
Tekst_Rejestracji =  
DaneKluczyki = nic
MoznaDacKluczyki = 0
Neon = 0
Neon1_X = -0.80000001
Neon1_Y = 0.00000000
Neon1_Z = -0.69999998
Neon2_X = 0.80000001
Neon2_Y = 0.00000000
Neon2_Z = -0.69999998
Wnetrze = 0
