Posiadacz=John_Mrucznik
ID=6
Numer_Wozu=6
UID_Pojazdu=470
Model=553
Pozycja_X=-1365.930053
Pozycja_Y=-222.411895
Pozycja_Z=15.500499
Rotacja=320.050903
Zniszczenie=1000.000000
Opony=0
Kolor_1=126
Kolor_2=6
Nitro=0
Hydraulika=0
Felgi=0
Malunek=3
Spojler=0
Zderzak_1=0
Zderzak_2=0
Rejestracja=0
Kolor_Rejestracji=3
Rejestracja_Tekst=0
Tryb_Wyswietlania=0
DaneKluczyki=nic
MoznaDacKluczyki=0
Neon=0
Neon1_X=-0.800000
Neon1_Y=0.000000
Neon1_Z=-0.699999
Neon2_X=0.800000
Neon2_Y=0.000000
Neon2_Z=-0.699999
Wnetrze=0
