Posiadacz=Sven_Helvetica
ID=2
Numer_Wozu=1
UID_Pojazdu = 487
Model=477
Pozycja_X=2335.058593
Pozycja_Y=-1222.384277
Pozycja_Z=22.253213
Rotacja=256.355743
Zniszczenie = 635.37097167
Opony=0
Kolor_1=3
Kolor_2=4
Nitro=0
Hydraulika=0
Felgi=0
Malunek=3
Spojler=0
Zderzak_1=0
Zderzak_2=0
Rejestracja=0
Kolor_Rejestracji=3
Rejestracja_Tekst=0
Tryb_Wyswietlania=0
DaneKluczyki=nic
MoznaDacKluczyki=0
Neon=18649
Neon1_X=-0.800000
Neon1_Y=0.000000
Neon1_Z=-0.699999
Neon2_X=0.800000
Neon2_Y=0.000000
Neon2_Z=-0.699999
