Posiadacz = John_Mrucznik
ID = 10
Numer_Wozu = 4
UID_Pojazdu = 496
Model = 451
Pozycja_X = 1799.86889648
Pozycja_Y = -1698.96740722
Pozycja_Z = 13.24074745
Rotacja = 89.29355621
Zniszczenie = 808.24023437
Opony = 15
Kolor_1 = 0
Kolor_2 = 0
Nitro = 1010
Hydraulika = 0
Felgi = 0
Malunek = 3
Spojler = 0
Zderzak_1 = 0
Zderzak_2 = 0
Rejestracja = 0
Kolor_Rejestracji = 00FF00
Tryb_Wyswietlania = 3
Tekst_Rejestracji =  
DaneKluczyki = nic
MoznaDacKluczyki = 0
Neon = 18652
Neon1_X = -0.80000001
Neon1_Y = 0.00000000
Neon1_Z = -0.69999998
Neon2_X = 0.80000001
Neon2_Y = 0.00000000
Neon2_Z = -0.69999998
Wnetrze = 0
Tekst_Rejestracji = loltraktor
