Posiadacz = Sven_Helvetica
ID = 11
Numer_Wozu = 1
UID_Pojazdu = 496
Model = 415
Pozycja_X = 2161.26049804
Pozycja_Y = -1197.33850097
Pozycja_Z = 23.55170059
Rotacja = 89.71080017
Zniszczenie = 904.94653320
Opony = 12
Kolor_1 = 3
Kolor_2 = 0
Nitro = 1010
Hydraulika = 0
Felgi = 1085
Malunek = 3
Spojler = 1002
Zderzak_1 = 0
Zderzak_2 = 0
Rejestracja = 0
Kolor_Rejestracji = B0C4DE
Tryb_Wyswietlania = 0
Tekst_Rejestracji =  
DaneKluczyki = nic
MoznaDacKluczyki = 0
Neon = 18647
Neon1_X = -0.80000001
Neon1_Y = 0.00000000
Neon1_Z = -0.69999998
Neon2_X = 0.80000001
Neon2_Y = 0.00000000
Neon2_Z = -0.69999998
Wnetrze = 0
