Posiadacz=John_Mrucznik
ID=3
Numer_Wozu=2
UID_Pojazdu=468
Model=409
Pozycja_X=2148.534179
Pozycja_Y=-1185.123413
Pozycja_Z=23.928899
Rotacja=270.649688
Zniszczenie = 1000.00000000
Opony=0
Kolor_1=3
Kolor_2=3
Nitro=0
Hydraulika=0
Felgi=0
Malunek=3
Spojler=0
Zderzak_1=0
Zderzak_2=0
Rejestracja=0
Kolor_Rejestracji=3
Rejestracja_Tekst=0
Tryb_Wyswietlania=0
DaneKluczyki=nic
MoznaDacKluczyki=0
Neon=0
Neon1_X=-0.800000
Neon1_Y=0.000000
Neon1_Z=-0.699999
Neon2_X=0.800000
Neon2_Y=0.000000
Neon2_Z=-0.699999
