Posiadacz = Sven_Helvetica
ID = 15
Numer_Wozu = 1
UID_Pojazdu = 497
Model = 409
Pozycja_X = 2148.32739257
Pozycja_Y = -1166.43395996
Pozycja_Z = 24.35210037
Rotacja = 270.64968872
Zniszczenie = 1000.00000000
Opony = 0
Kolor_1 = 4
Kolor_2 = 8
Nitro = 0
Hydraulika = 0
Felgi = 0
Malunek = 3
Spojler = 0
Zderzak_1 = 0
Zderzak_2 = 0
Rejestracja = 0
Kolor_Rejestracji = 000000
Tryb_Wyswietlania = 0
Tekst_Rejestracji =  
DaneKluczyki = nic
MoznaDacKluczyki = 0
Neon = 0
Neon1_X = -0.80000001
Neon1_Y = 0.00000000
Neon1_Z = -0.69999998
Neon2_X = 0.80000001
Neon2_Y = 0.00000000
Neon2_Z = -0.69999998
Wnetrze = 0
IntLock = 0
