Posiadacz = Sven_Helvetica
ID = 16
Numer_Wozu = 3
UID_Pojazdu = 496
Model = 508
Pozycja_X = 2148.64257812
Pozycja_Y = -1133.72290039
Pozycja_Z = 25.22459983
Rotacja = 268.29470825
Zniszczenie = 1000.00000000
Opony = 0
Kolor_1 = 6
Kolor_2 = 3
Nitro = 0
Hydraulika = 0
Felgi = 0
Malunek = 3
Spojler = 0
Zderzak_1 = 0
Zderzak_2 = 0
Rejestracja = 0
Kolor_Rejestracji = 000000
Tryb_Wyswietlania = 0
Tekst_Rejestracji =  
DaneKluczyki = nic
MoznaDacKluczyki = 0
Neon = 0
Neon1_X = -0.80000001
Neon1_Y = 0.00000000
Neon1_Z = -0.69999998
Neon2_X = 0.80000001
Neon2_Y = 0.00000000
Neon2_Z = -0.69999998
Wnetrze = 0
IntLock = 0
