Posiadacz = John_Mrucznik
ID = 9
Numer_Wozu = 3
UID_Pojazdu = 0
Model = 436
Pozycja_X = 2148.64086914
Pozycja_Y = -1194.76416015
Pozycja_Z = 23.71059989
Rotacja = 270.64968872
Zniszczenie = 1000.00000000
Opony = 0
Kolor_1 = 6
Kolor_2 = 7
Nitro = 0
Hydraulika = 0
Felgi = 0
Malunek = 3
Spojler = 0
Zderzak_1 = 0
Zderzak_2 = 0
Rejestracja = 0
Kolor_Rejestracji = 000000
Tryb_Wyswietlania = 3
Tekst_Rejestracji =  
DaneKluczyki = nic
MoznaDacKluczyki = 0
Neon = 0
Neon1_X = -0.80000001
Neon1_Y = 0.00000000
Neon1_Z = -0.69999998
Neon2_X = 0.80000001
Neon2_Y = 0.00000000
Neon2_Z = -0.69999998
Wnetrze = 0
Tekst_Rejestracji = 23459-LS
