Posiadacz=John_Mrucznik
ID=1
Numer_Wozu=1
UID_Pojazdu = 496
Model=506
Pozycja_X = 2306.33984375
Pozycja_Y = -1226.63818359
Pozycja_Z = 23.54898452
Rotacja = 189.45259094
Zniszczenie = 945.03662109
Opony=0
Kolor_1=6
Kolor_2=3
Nitro = 1010
Hydraulika=0
Felgi=0
Malunek=3
Spojler=0
Zderzak_1=0
Zderzak_2=0
Rejestracja=0
Kolor_Rejestracji=3
Rejestracja_Tekst=0
Tryb_Wyswietlania = 1
DaneKluczyki=nic
MoznaDacKluczyki=0
Neon=18650
Neon1_X=-0.800000
Neon1_Y=0.000000
Neon1_Z=-0.699999
Neon2_X=0.800000
Neon2_Y=0.000000
Neon2_Z=-0.699999
Tekst_Rejestracji = rup
