Posiadacz = John_Mrucznik
ID = 7
Numer_Wozu = 1
UID_Pojazdu = 485
Model = 480
Pozycja_X = 2148.37939453
Pozycja_Y = -1171.11938476
Pozycja_Z = 24.24600028
Rotacja = 270.64968872
Zniszczenie = 0.00000000
Opony = 0
Kolor_1 = 0
Kolor_2 = 1
Nitro = 0
Hydraulika = 0
Felgi = 0
Malunek = 3
Spojler = 0
Zderzak_1 = 0
Zderzak_2 = 0
Rejestracja = 0
Kolor_Rejestracji = FFFFFF
Tryb_Wyswietlania = 0
Tekst_Rejestracji =  
DaneKluczyki = nic
MoznaDacKluczyki = 0
Neon = 18649
Neon1_X = -0.80000001
Neon1_Y = 0.00000000
Neon1_Z = -0.69999998
Neon2_X = 0.80000001
Neon2_Y = 0.00000000
Neon2_Z = -0.69999998
Wnetrze = 0
